0  1020 1006 1024 1000 989 975 1007 1033 980 987 992 1000 998 1007 987 1004
1  983 993 1044 983 1003 975 1003 979 1000 1015 995 1011 1037 989 985 1006
2  1026 1018 1028 966 1005 1005 995 999 1016 1007 991 1019 1031 994 990 986
3  1000 1051 1021 1009 995 1026 994 981 994 1012 984 993 984 1015 983 986
4  1032 1025 1044 988 991 947 1010 993 1013 1005 979 1029 1009 996 960 1009
5  1046 1021 977 1007 989 1006 1015 1000 985 983 1000 1019 1010 973 993 960
6  963 1000 979 991 976 1020 1015 1007 1025 1017 1008 986 993 987 1008 1004
7  992 985 994 992 1021 999 1016 1015 1015 990 990 997 962 996 1017 1006
8  1013 985 993 1007 1023 977 990 980 997 988 991 1023 1018 1008 1018 996
9  980 997 1024 978 988 1006 993 1004 998 1013 996 1006 998 981 1002 1025
10  1007 1002 1016 1019 982 991 1027 987 994 999 960 1019 948 982 989 1040
11  1017 994 973 1007 1005 1008 1001 1050 995 1003 1008 1006 1041 973 969 1049
12  1021 1013 1025 1016 986 996 1009 1048 1010 987 1021 983 989 986 1018 981
13  994 989 995 993 975 987 1003 992 977 1020 993 1016 1006 995 990 1003
14  961 998 1032 1035 1007 991 1012 1041 1022 997 991 987 981 999 1019 1025
15  1022 992 975 982 996 1000 998 1010 1014 1036 988 1019 984 1019 1021 996
16  990 1004 1029 978 993 1013 1011 998 1010 1007 994 975 1043 971 991 1001
17  985 996 996 1030 999 995 963 1012 959 994 982 1008 1030 1002 979 980
18  1004 1015 981 999 971 993 1010 995 1000 1011 981 992 999 1012 999 1021
19  967 988 1014 974 1015 996 1012 994 1021 963 993 964 965 987 995 1014
20  990 1013 983 996 1005 990 1018 991 983 1040 1035 1021 986 1001 1029 1004
21  985 998 972 973 960 999 1011 978 1009 1020 1013 1000 983 998 1008 996
22  1018 1000 1028 1031 1002 957 972 982 987 987 999 1008 985 977 982 993
23  1006 1006 1004 1003 995 982 981 967 1010 971 1019 1038 1025 966 1024 1025
24  976 994 1020 982 984 990 1002 973 1005 998 1014 989 1015 1007 1036 995
25  1034 1027 974 1020 990 998 964 1005 988 1046 970 964 1009 1015 998 990
26  1012 1038 984 1013 986 972 990 1028 993 969 1009 987 1000 1000 1013 1009
27  1000 1028 985 984 975 1020 959 980 981 1040 1003 991 1025 978 1015 1023
28  992 1010 1019 1000 981 1007 1035 988 994 999 962 1003 1010 1009 992 1022
29  1017 1005 1042 1011 998 984 974 1009 991 964 1000 965 1019 957 982 977
30  979 1002 990 1012 960 972 1027 998 1042 1013 1019 1009 981 1011 978 992
31  1015 1004 1016 1028 979 983 1002 987 1006 975 987 1009 965 986 1018 1029
32  1017 1016 993 1021 1009 1001 992 1030 966 998 1034 985 988 975 999 998
33  1017 1002 1015 991 975 1039 1001 990 980 1001 1015 1022 999 1005 990 1012
34  1000 1007 994 979 1027 1028 984 1013 992 1001 993 1020 1023 1024 1011 976
35  1004 990 1020 1025 1015 976 989 989 989 963 990 995 1014 981 1042 1009
36  986 1018 985 1000 990 979 984 999 1002 971 1033 997 1016 1000 996 1004
37  1026 997 991 1009 989 1015 999 1014 989 989 1023 1002 1037 969 1015 1043
38  1009 978 1003 1001 989 1006 985 1005 1026 1002 975 972 1024 1007 992 1004
39  1009 1000 994 1007 1026 1023 1008 970 985 988 1006 1000 997 1004 1012 1005
40  948 1001 1014 985 1008 993 1026 1016 1046 1000 1004 1005 1008 964 998 987
41  1005 992 1000 1017 994 1001 1048 992 1026 984 996 1001 1010 1018 1010 1017
42  1008 1024 1014 956 1000 991 986 978 988 988 986 972 1007 996 998 993
43  1019 991 1025 1029 988 1030 986 981 994 987 1037 1032 973 1027 1008 1020
44  999 1035 1010 1017 1014 1011 1008 997 1011 993 999 984 977 991 1017 993
45  1005 1016 992 995 1017 1014 991 982 1005 993 994 984 986 972 979 1022
46  982 1024 1015 1004 998 994 1018 968 1018 993 997 1028 971 1016 1019 987
47  1009 969 983 1009 984 1000 1006 994 991 1028 998 1015 995 1026 1003 993
48  996 1013 986 998 1011 1026 980 1034 1015 1004 1001 1011 1024 988 1010 1000
49  982 973 990 994 966 994 1010 1020 1007 1006 972 1006 1012 1008 992 959
50  1037 1010 987 991 1009 1006 1005 1025 1026 1002 971 962 1029 992 980 1020
51  1007 963 998 992 1011 969 996 977 982 1008 997 1021 1000 983 1015 985
52  991 1000 996 967 1000 990 1008 996 1004 1008 989 1038 1001 986 1005 971
53  1010 1000 1010 1001 962 999 1005 989 1033 1002 1016 984 985 982 984 998
54  988 989 1014 967 994 982 1028 967 1005 1002 1015 1008 968 997 1034 992
55  982 1006 1026 951 974 1009 983 989 1006 991 996 1003 977 960 1004 1010
56  991 983 1001 999 993 983 998 1012 980 1021 1024 1001 1000 989 1020 992
57  1024 969 993 1020 979 997 1016 994 994 991 1006 993 994 1010 1000 1000
58  987 965 1011 999 999 1039 980 989 1000 1024 972 1022 999 986 998 1009
59  1006 1003 995 994 995 1019 984 1000 1011 983 1020 977 978 1000 1008 1015
60  965 1001 979 1005 980 1027 1003 958 997 1018 1003 1030 1001 971 983 1011
61  986 1023 987 1021 978 978 1015 1012 1037 1004 1025 996 992 982 1014 979
62  1004 986 1014 999 1014 991 1016 991 1001 1041 1011 984 1013 982 1022 969
63  985 998 999 1029 1019 991 989 1028 983 1007 1009 1008 1023 992 990 1000
64  1011 1014 973 999 1006 985 969 1030 1014 996 1012 1021 1035 990 1027 984
65  980 1018 1005 967 1026 986 998 1010 997 990 993 952 999 986 1003 1031
66  1023 970 999 1019 1030 979 991 998 1002 1019 994 1023 963 1006 1017 993
67  1012 977 1012 992 988 1012 1005 1015 1032 1025 982 1002 1003 989 1027 1034
68  986 1027 982 979 980 998 1024 974 1011 988 1015 1010 1014 977 975 1050
69  998 1000 1003 1008 973 1001 1001 1055 1017 1007 983 1016 981 984 1035 996
70  965 1008 994 1012 989 1000 1031 1017 978 1000 973 1009 995 988 1018 981
71  1016 969 1021 1014 1034 973 993 988 1001 984 1015 1000 981 988 1024 1021
72  989 1007 1002 957 988 989 998 996 1030 983 1002 956 975 979 972 982
73  975 1023 1001 1003 1020 1004 1018 1014 986 1003 997 1013 1010 998 978 988
74  1004 1026 1011 993 1013 991 996 956 990 1028 987 990 990 1004 1013 1028
75  1029 981 989 969 997 982 977 1008 981 985 1034 988 1006 1007 1026 986
76  1000 1003 994 983 1013 1007 981 961 1000 998 993 978 984 1021 969 1006
77  987 989 986 995 954 1016 1010 962 983 1001 996 1025 991 990 993 1023
78  983 1045 980 1043 984 1032 979 1006 1007 1013 981 1009 1022 997 987 979
79  1029 1006 1011 1014 1007 1012 998 985 961 977 969 1008 974 1032 952 1012
80  982 994 991 1019 988 1009 985 1008 990 1003 1034 1009 1008 1008 1014 1037
81  973 1018 1013 985 972 1005 996 1025 981 993 970 974 1006 990 979 984
82  1031 987 986 984 1017 998 984 981 1003 981 994 1005 1009 999 1008 1041
83  980 1025 1009 1014 1004 974 977 971 1024 1022 966 992 1039 1002 990 978
84  1047 946 993 992 993 991 1021 1006 1030 1011 997 1001 1003 1024 1000 971
85  1032 1024 991 968 991 999 985 1002 1032 1004 1018 1021 999 1025 964 1011
86  983 994 1004 973 989 996 993 1028 1010 1004 1025 1005 971 1005 1002 1003
87  996 1000 1040 987 985 999 1006 1002 1032 1011 996 999 994 986 1020 988
88  1033 1014 997 1023 974 991 1029 1018 1008 1037 1017 983 1017 989 1007 1020
89  1016 993 968 983 1000 1027 1029 972 998 977 1015 1011 981 1005 966 964
90  973 1010 985 994 1004 988 996 961 998 974 995 1039 977 996 1017 1012
91  997 1001 996 991 977 994 1013 978 1002 1001 975 1005 973 998 1010 1003
92  974 1021 1025 1020 1023 988 1010 1000 995 1020 1024 972 1020 998 987 1007
93  1010 1023 989 1016 990 994 1032 968 1008 1000 998 1026 1005 1014 986 1005
94  1022 978 1020 1001 1031 958 1009 1008 988 1020 1001 988 975 1014 1021 988
95  1003 984 1030 1011 966 977 1028 981 1012 973 1020 1018 1002 975 989 999
96  1034 1002 1010 997 1018 989 983 982 999 985 1015 1005 998 1010 1002 1016
97  1010 999 983 1030 1013 1010 1004 1005 974 970 1019 979 984 1006 1023 1001
98  978 1017 979 1014 1027 992 1034 985 1013 990 1029 992 1034 1005 1008 997
99  1003 1016 996 1014 969 970 1009 1017 982 1011 1025 1001 1003 1000 1026 993
100  988 999 1006 972 1000 1028 999 993 976 983 1024 1025 1001 992 1000 991
101  959 1018 1027 971 1022 996 1037 999 987 970 1018 1019 990 999 1038 996
102  985 990 1003 990 1011 995 1001 995 1019 1000 1005 986 954 984 1007 983
103  983 987 1027 1006 975 991 995 1042 1001 973 987 996 958 971 989 992
104  1014 986 1031 1033 1014 1005 1032 1040 1005 999 976 1019 971 1002 1005 1012
105  1026 1008 997 992 991 978 994 990 1004 1022 1031 994 1002 986 1021 1005
106  984 1018 1026 987 987 997 1001 1008 964 1025 937 1006 1012 990 1013 1006
107  990 974 1006 1015 1000 958 963 982 1012 999 1019 1009 1023 987 1006 960
108  1003 1005 977 1011 994 1025 1039 987 968 964 1026 976 982 991 1011 1022
109  1049 987 966 1011 1027 980 1014 990 1003 978 996 1011 993 989 963 999
110  993 966 970 1018 970 984 978 982 992 1019 1041 983 1000 991 987 979
111  1024 1015 1048 1023 1019 1018 1002 954 978 1001 1033 1020 1031 995 1011 994
112  968 981 985 1019 1015 970 990 980 991 1015 986 1037 1005 992 1033 1006
113  977 998 1016 1026 1004 985 1011 1021 1013 1022 982 993 995 978 992 985
114  1028 1012 994 1017 1027 1004 1017 962 1000 985 1016 998 990 990 1018 1010
115  970 1019 1007 1004 995 999 961 1006 989 997 1033 1015 1040 1003 1011 1023
116  1003 1018 981 987 996 959 973 1003 994 947 987 1010 1008 973 1005 992
117  1002 975 1003 1000 994 955 1004 1003 1013 1003 991 976 996 1019 1007 965
118  1013 988 1010 1031 1010 1011 977 989 1007 971 1026 1001 1012 967 1022 1002
119  993 1010 995 975 1006 998 995 1003 1008 1008 999 1009 1017 994 975 959
120  1008 1023 1020 996 994 1020 1007 1000 1020 992 1010 1002 989 994 990 949
121  977 995 1005 1009 987 952 994 1001 996 1038 1037 1011 995 983 1026 1021
122  982 986 1005 969 990 986 1014 969 993 972 1038 1020 1002 998 1020 1005
123  997 980 1019 978 1006 1013 989 998 1030 988 1023 1020 979 1015 1017 979
124  994 1032 973 997 977 1005 971 980 993 1001 983 993 1007 1014 981 992
125  987 1022 1028 1008 1011 1018 998 980 1020 989 985 969 1033 1000 1007 1026
126  989 1010 1032 1004 979 981 999 980 976 1020 997 1006 986 985 968 1024
127  1003 975 1013 974 980 997 1008 982 989 994 1004 988 989 1009 1004 1012
128  954 982 981 1004 999 970 980 978 1015 999 979 998 1030 955 1004 982
129  1028 1006 1023 1018 996 987 1017 1004 1019 981 1006 1006 982 1001 1012 1006
130  998 1011 992 1029 979 971 997 982 1034 1003 998 1003 1012 997 1027 999
131  996 987 995 964 1015 958 959 1026 963 1006 979 991 955 1016 985 1026
132  992 994 997 1013 1004 991 995 976 1004 1022 1003 959 1021 969 1002 966
133  1000 1018 1022 1019 1009 992 995 1002 1010 985 1007 975 980 1011 1030 980
134  996 1011 1015 960 1006 1003 995 998 996 993 1023 1007 967 997 1019 986
135  1002 990 964 983 985 1002 1019 990 983 1038 999 1014 969 993 959 1024
136  1015 984 993 971 1002 997 990 979 995 1000 1028 977 1001 1011 1003 995
137  1022 978 1001 1021 1031 984 993 987 1017 1012 1021 1029 989 1003 972 982
138  997 994 1036 994 1032 974 1000 1015 998 994 1047 977 987 995 991 999
139  1013 995 983 1010 1017 996 966 994 984 1014 1018 1033 1001 1000 1031 994
140  993 995 981 987 999 1041 1008 1002 977 986 1045 1017 1011 1011 1025 1010
141  1012 999 1008 1004 998 1023 993 974 987 1018 945 1014 996 1013 1018 1032
142  1010 998 983 973 976 955 1003 991 991 1000 1014 990 984 982 998 1011
143  996 982 957 992 1048 1006 980 1005 1024 994 993 1005 1010 1013 1028 994
144  996 1002 1021 1022 1005 971 995 978 998 992 987 992 978 993 988 955
145  1016 1014 998 989 1029 1009 972 1006 1015 1021 1006 994 1002 1041 969 994
146  1028 978 1031 993 1007 969 975 987 1020 984 1015 1002 976 1039 1000 1010
147  983 1039 1020 1009 1021 991 972 975 1000 997 1000 999 1006 988 975 1002
148  968 1034 998 996 1009 1013 998 1007 966 988 1022 1009 986 987 1010 1026
149  999 1003 1068 995 987 980 962 999 994 970 986 1037 1018 1001 994 989
150  1005 1004 1016 1027 1016 967 1000 984 980 1003 982 997 1013 1040 1025 972
151  995 963 991 994 1003 978 1000 977 995 1004 974 995 998 1005 1017 995
152  1024 1016 985 1032 1009 1002 1010 994 991 961 989 1020 994 1001 960 1007
153  1005 1004 961 981 1005 993 987 984 1008 993 986 1003 975 979 1009 993
154  992 1005 996 1018 979 1007 1002 983 992 1016 1012 1017 1007 1003 991 1016
155  1010 996 998 964 956 963 992 960 982 1009 1015 970 1009 994 995 1078
156  1003 1024 1021 1049 1011 977 1007 967 969 1020 1008 986 990 996 1015 950
157  1011 1016 1017 990 997 989 1002 970 998 1024 992 1006 1012 983 1024 1019
158  996 998 1008 1019 991 1020 1008 1006 971 988 1005 990 982 1027 1011 1010
159  997 999 1018 994 1030 987 979 978 992 995 1004 1010 996 970 975 1009
160  995 1011 988 1000 1004 1002 1024 988 1017 1024 976 987 981 994 1000 1012
161  974 1022 993 980 1018 957 1000 1004 988 969 991 1001 1007 1003 1011 1003
162  999 984 989 999 1009 1001 1003 994 999 966 966 1012 1006 1023 1021 991
163  974 1013 1012 1040 1014 968 980 1004 1025 1029 1003 1040 986 1028 1000 985
164  999 983 1014 1020 1004 989 1034 1007 1011 996 1035 987 999 1028 1035 994
165  1019 960 1006 961 990 994 1003 1013 975 1026 987 999 1018 1017 993 988
166  1024 987 1017 1021 1016 980 1010 1012 987 1001 1013 1013 1032 982 996 1021
167  1015 1002 974 1002 1009 1035 1003 1013 982 1001 990 1003 1005 1014 1019 971
168  1017 1029 1002 1008 950 1033 1022 1016 1015 998 1003 988 1029 1000 987 1008
169  1037 982 999 1035 985 1004 1008 1015 994 1014 991 991 1022 995 1004 1031
170  1005 986 1027 1046 966 999 1029 1009 1017 1022 1050 988 1009 991 989 1016
171  1015 968 1002 1015 997 967 992 988 988 989 982 989 1022 1003 977 996
172  1012 1000 1033 1022 980 1052 1007 1003 996 1040 992 998 1008 988 1002 1006
173  1004 979 1004 963 1028 1013 1033 1018 969 991 1014 979 954 997 1003 1024
174  1032 984 991 1003 997 1038 1008 1035 997 1014 998 1021 1000 1035 956 1025
175  995 967 983 1015 982 973 1047 992 1001 1003 976 1005 1002 1045 997 997
176  973 985 1023 1038 999 1007 1006 999 963 1016 1021 969 1002 980 1047 997
177  1044 1017 989 1008 982 1025 1023 1030 1030 1009 1023 1036 993 1001 1015 973
178  999 961 990 976 1011 992 998 1008 1008 968 975 989 1014 1022 1004 971
179  1020 1004 988 1011 1015 982 1004 970 990 1027 1035 985 1013 990 1012 987
180  966 990 979 1021 981 969 992 1016 1017 995 1020 973 1005 999 1012 1024
181  982 1014 987 993 982 977 986 991 988 980 974 1023 982 1006 982 976
182  997 1026 982 991 1009 989 1029 985 1000 1002 1008 1021 970 978 1020 1005
183  938 1012 979 977 1011 959 1018 1017 1021 1001 1001 1006 1015 987 992 975
184  993 972 1040 1013 997 993 988 996 1027 994 1054 991 992 1002 1006 975
185  947 1036 999 987 979 991 1011 988 1012 996 1000 1047 984 990 1017 977
186  1011 1031 1010 997 984 1011 996 984 1028 1015 995 995 990 987 1028 972
187  998 929 974 1019 982 1006 1008 970 1016 962 1001 977 978 957 993 1025
188  998 983 1023 978 1006 972 987 1003 974 980 1003 1006 994 967 1019 1007
189  999 1046 970 971 959 1003 968 1035 996 1032 989 975 1003 991 998 1001
190  1002 1002 1026 1008 985 988 979 1002 999 1010 1001 1015 987 997 987 974
191  1009 1012 1008 958 1022 963 983 1026 977 1010 998 1006 989 1029 951 1003
192  969 1011 972 911 982 1011 993 991 973 1014 983 1029 1007 996 993 987
193  1009 975 994 993 965 993 984 1029 987 1014 963 985 1020 981 1022 981
194  1053 978 992 989 1000 1014 1009 1002 970 996 978 1005 1011 964 1003 977
195  1039 1000 991 989 993 984 1013 991 1015 1004 963 1025 1005 992 990 1017
196  947 1018 994 974 988 990 1020 969 1003 1001 1018 993 1011 983 1021 997
197  1005 1034 1008 982 1003 997 991 1000 988 980 996 989 958 1031 1017 998
198  979 1009 1016 1010 982 1006 981 1017 1002 1012 1002 978 1004 992 1034 984
199  1002 983 1003 997 987 993 989 1013 974 975 986 993 1018 1006 1007 988
200  1000 1005 1035 1010 996 1027 1004 1012 1026 1018 996 1008 1000 973 1032 1007
201  997 1017 1014 1012 971 1003 1014 1023 998 995 1006 999 1024 1001 1003 991
202  1008 1000 990 998 1010 986 1011 994 983 1001 999 993 994 1003 1001 1027
203  1022 994 1025 997 1011 994 1014 1023 972 1027 987 971 1016 1006 1031 1009
204  1005 992 995 992 991 1005 1005 990 1004 1003 1006 1002 979 1009 982 995
205  992 1012 1016 1038 983 1029 1002 1002 994 1056 1007 969 971 964 999 1000
206  948 982 1010 987 1031 1027 1014 1024 1013 982 1030 995 1004 1020 1029 1029
207  1007 984 1027 993 992 1000 1033 973 971 1031 1005 1018 990 1012 982 982
208  1014 996 983 1013 984 988 1001 976 1012 985 964 990 980 990 1018 979
209  995 1003 1049 1019 982 982 1020 999 959 976 998 987 1013 1003 1028 973
210  988 1019 978 1032 1002 992 1000 1017 1010 1023 1000 1001 1001 977 994 998
211  1017 955 966 1003 984 1002 1013 1020 978 1035 1009 994 1026 986 975 972
212  1000 990 1025 988 1012 991 992 1021 1015 964 1011 977 1028 1016 984 965
213  1008 985 986 979 956 1007 1004 1011 989 969 1018 1003 958 979 1010 986
214  981 981 1028 985 1021 984 956 966 997 988 971 965 992 1018 1028 973
215  998 1043 1020 1022 999 1008 1003 1039 975 972 1021 996 1016 986 992 1005
216  992 980 980 972 1010 1006 984 1030 971 996 999 982 1006 981 1006 1021
217  1023 966 978 987 1009 987 1012 970 1000 1028 985 1004 986 983 982 994
218  978 1023 990 994 993 1011 1000 988 984 990 1033 978 963 988 1006 1008
219  1032 1012 978 1011 978 1031 1040 1005 991 959 988 975 981 1008 988 1026
220  1034 987 1004 1001 1030 1015 1011 1039 996 1020 971 981 986 964 1016 976
221  1014 1038 1018 991 1013 992 1009 999 998 1001 1026 984 989 998 1005 974
222  989 1005 1017 1017 986 988 994 1001 979 1006 996 1018 1012 1015 1042 1014
223  985 1008 993 1007 990 1030 989 996 1007 967 986 1005 990 1010 985 982
224  1010 1006 1001 1011 1014 992 975 993 975 1006 994 1005 968 978 1000 994
225  998 1005 997 1025 998 998 980 986 1014 1004 988 998 1014 1036 1014 988
226  989 1008 967 1023 1008 1003 1003 1024 972 1012 975 957 984 970 994 1012
227  979 989 1021 942 999 960 996 985 1006 1001 1001 1008 990 997 995 979
228  997 1029 953 991 1010 995 1001 1020 997 1012 980 970 995 1009 1004 999
229  1018 988 1025 981 986 992 984 1032 987 989 1008 993 978 996 983 1015
230  1004 994 1025 1012 1007 1014 988 992 1008 994 1013 1006 994 1008 1002 1006
231  990 1005 990 1002 1029 967 1038 979 993 1000 966 975 999 978 973 1009
232  992 1009 984 946 991 1022 966 1045 994 988 1007 1017 1018 996 1007 957
233  967 1014 1022 994 999 972 994 981 987 986 1010 1003 998 1034 1014 1007
234  983 1033 1012 979 991 1027 1018 1005 1028 967 962 1016 1006 968 999 994
235  1012 990 1018 1000 972 979 966 993 999 1013 1007 976 994 998 1000 976
236  1028 1019 974 1011 997 993 1013 1016 1007 988 1015 977 972 986 969 971
237  1002 963 1004 984 989 1011 1000 1006 992 1006 1006 988 992 996 1006 979
238  1021 996 993 988 1013 1010 990 1006 993 1017 991 1008 1009 976 1015 1014
239  966 1024 1007 987 988 991 1000 977 1002 1006 995 1004 995 1002 998 1004
240  1022 1013 1004 955 987 992 994 1005 984 992 986 999 983 1001 985 1001
241  975 981 1027 981 953 976 1023 996 1028 1044 1011 994 1018 985 1017 979
242  996 1009 977 1011 1023 1010 1037 969 1016 1005 990 1010 1002 992 988 988
243  986 1000 961 991 1006 981 1005 1004 1030 1007 1004 995 997 1011 987 1002
244  981 972 1001 1000 1024 999 1009 1005 1013 979 1001 1012 983 1015 998 994
245  970 977 980 1003 950 987 992 976 1013 1030 985 1013 998 1008 1002 1010
246  1040 992 1006 1032 1003 1035 1004 984 976 1010 1016 1007 986 1021 1003 987
247  1021 1013 990 1036 992 998 996 1053 999 985 1017 1004 999 1012 1010 992
248  997 1010 1011 1022 993 1025 977 1023 987 979 968 977 1006 990 1004 1014
249  1018 984 968 968 1003 997 1018 988 982 1014 982 951 970 1022 980 1010
250  984 1018 1007 996 1031 991 1043 999 998 986 998 972 969 1002 966 1005
251  990 1001 1011 1005 972 971 997 1009 985 993 985 1004 1002 1005 1023 1011
252  1032 1006 1003 996 975 993 984 1006 1000 991 980 999 1042 1026 990 1022
253  1003 977 935 988 996 989 992 998 1023 976 989 1027 1018 981 980 1002
254  982 996 1037 1051 1024 998 982 992 1006 1029 965 1008 1000 993 991 995
255  977 996 995 1014 956 986 1001 970 1001 991 1028 988 991 994 972 1007
0  1000 944 1015 998 986 991 957 1001 992 962 1008 991 1030 1014 1004 994
1  1023 984 1017 991 1031 1005 986 994 971 998 1010 1010 973 1018 993 1002
2  1018 1002 985 973 983 1004 965 1004 993 978 945 996 1027 1001 1007 1019
3  1005 1006 978 996 1011 986 975 988 1004 973 986 973 1008 986 979 1022
4  975 1013 1002 985 994 1007 999 1003 977 1034 1010 985 1025 952 990 984
5  1027 983 983 992 948 988 973 949 1023 1008 994 984 985 1007 1010 1021
6  961 978 987 1006 990 980 978 1003 997 988 1018 1027 1001 1013 997 993
7  965 1011 1005 1013 954 989 1040 985 1019 1001 1017 1004 1035 966 1021 970
8  1031 988 983 1022 987 993 984 998 1025 1022 998 1016 998 997 970 977
9  997 990 997 991 1000 987 1002 1001 968 1010 975 988 984 975 1000 1012
10  998 999 1020 982 972 1004 1011 1014 1014 1007 1033 1006 985 1012 970 989
11  979 1026 994 993 999 1019 996 988 1023 1019 991 990 993 1001 1010 1010
12  1008 1033 1014 983 995 1023 1029 996 998 985 979 975 1030 996 1036 988
13  994 1027 1053 974 992 1009 1022 1010 968 1005 982 1005 1032 1015 978 1007
14  1022 1004 997 999 1021 1026 989 980 1007 985 1004 979 995 1038 1025 989
15  992 973 960 1002 976 997 991 995 1014 996 983 961 998 1005 979 994
16  975 968 992 1009 1006 989 1000 1016 1009 1017 1030 1015 968 999 1007 991
17  1007 959 1014 990 968 950 984 1022 1025 1003 953 995 988 995 1006 994
18  999 1004 1030 1024 960 995 964 1016 978 1006 974 992 1011 978 1003 1009
19  975 1057 1052 995 993 958 998 1000 1000 1042 1018 982 1020 974 983 1034
20  974 989 1024 983 1009 998 1023 978 996 1027 991 994 978 986 1014 979
21  1023 996 1015 966 1002 1018 1013 994 1009 983 981 968 1003 1011 1002 981
22  1006 1000 966 1040 1000 982 987 1003 1037 975 982 1038 963 983 1009 1027
23  999 1035 1010 1004 1026 1005 1021 1012 1014 1015 996 1005 1013 1015 994 978
24  998 977 982 1003 1026 990 1011 987 977 1014 970 1027 999 1013 986 996
25  1017 1000 1034 1002 1015 1004 964 986 1007 991 968 1002 982 1019 962 1017
26  979 1002 987 991 1020 989 964 985 1030 998 1010 985 1013 982 1031 992
27  1008 1013 989 1022 1015 1058 1008 997 989 989 970 996 991 1019 1004 1016
28  1036 996 1001 1010 966 970 992 960 1023 989 1007 973 993 996 1007 990
29  1009 1015 973 996 999 1022 976 1020 963 977 999 1016 974 999 978 1000
30  977 1011 968 986 995 1020 970 1008 985 1014 989 993 1010 1010 995 1001
31  984 1040 991 999 996 984 980 996 981 990 1011 972 968 981 1002 1005
32  1002 1027 1001 1031 993 979 992 991 998 1015 984 971 987 1027 1034 958
33  1007 972 971 1070 1011 1017 1044 987 990 974 1014 978 1017 1016 1001 990
34  1000 1020 981 1019 1025 967 974 1010 974 992 992 996 1009 997 956 1004
35  1030 981 972 980 1017 994 985 1021 1009 1017 974 1003 1020 1007 982 999
36  989 991 985 1010 992 1015 1024 1026 1000 1031 977 988 991 1029 999 1015
37  1027 1017 1056 976 991 1005 1028 1013 996 968 985 1032 1034 978 1003 1020
38  1013 988 1006 992 1000 1000 972 978 1001 998 1008 1015 989 992 959 1016
39  1046 998 1008 979 1003 1010 1029 993 977 1010 1025 998 997 1010 999 1011
40  985 970 1009 986 987 1023 993 989 976 1012 981 996 998 1042 1005 1019
41  975 986 1022 1007 964 996 994 995 985 989 976 992 1028 995 974 971
42  982 980 987 993 1009 1002 1004 1008 1001 989 1032 990 981 1015 1015 1001
43  976 990 1004 986 978 988 1002 1011 999 995 1007 1013 996 986 982 1012
44  1014 992 962 1000 1008 988 1015 1005 988 1008 1025 1005 964 1002 1000 995
45  1031 1050 1019 1030 994 1020 1000 997 1005 1006 1009 977 1000 987 1014 973
46  1001 974 989 1019 1032 981 999 1026 1026 1034 998 1001 987 997 1005 981
47  978 1014 993 989 982 979 1005 998 974 1021 998 990 1004 1011 998 990
48  1032 980 986 995 997 993 1012 1010 1003 991 1026 997 965 988 999 983
49  991 992 989 969 1028 971 987 1013 990 1002 978 1028 987 986 1023 991
50  992 1001 1020 992 1004 1008 1002 980 979 991 959 1023 995 984 983 970
51  1001 1025 1005 999 990 992 1011 1023 1034 1015 1005 1020 1025 997 990 974
52  1001 988 1015 1026 961 1010 1038 999 1010 996 1005 976 976 1007 1069 998
53  996 1019 1004 991 1001 998 940 1005 1044 984 982 1012 1019 1011 968 1007
54  1029 980 979 1015 998 1021 999 1000 1000 992 989 972 1036 1003 1007 982
55  1005 987 1023 1008 1014 986 1016 1017 1027 1014 1005 956 1001 985 1007 994
56  1030 994 1008 1032 1001 995 969 973 991 1009 1019 1002 1005 974 1009 1014
57  1004 994 997 1036 971 1011 989 971 1011 991 1003 1012 1002 979 992 1013
58  998 1003 1003 998 995 981 979 1003 1015 991 1000 993 963 947 1000 978
59  985 1010 963 1018 1003 982 991 1028 1016 1021 984 1011 980 1007 977 1019
60  987 989 1010 1023 1000 986 1007 1025 957 1002 979 980 1044 1042 970 983
61  991 989 1001 1025 966 985 972 1003 996 979 975 992 1001 989 992 970
62  969 1017 995 977 1002 1017 1020 1029 985 987 1011 987 1018 981 974 988
63  1005 962 958 1003 997 979 1031 953 1022 1024 992 973 1025 985 1007 1015
64  978 992 1001 968 988 1014 991 993 968 992 1005 1012 1014 1012 977 1006
65  1016 984 1019 986 1021 1006 991 1026 1004 1031 987 1017 1008 998 997 1025
66  996 995 990 984 961 986 1009 1003 1020 1005 1003 1011 981 1024 997 1001
67  986 1012 1029 1012 1006 1006 962 993 1005 1017 1008 1011 1016 969 980 1004
68  951 998 990 1013 1028 1006 1021 986 1041 994 1011 999 974 983 983 1007
69  1007 1009 983 1002 1000 977 970 997 990 994 987 1022 972 1008 1018 972
70  1002 990 972 1000 1005 995 988 992 1014 994 979 1011 1011 962 998 987
71  1003 1005 992 1016 1004 984 1033 1022 1002 1003 1000 1001 1002 995 1035 1004
72  1019 978 969 1015 1015 957 996 1019 1024 994 1007 1017 1021 1012 994 988
73  1000 1000 964 993 1002 998 1015 1027 1015 997 985 1022 1023 968 991 1005
74  1007 998 1048 996 995 1018 1003 1027 1019 1032 980 1012 976 1033 1025 1009
75  974 990 1005 1047 1023 998 980 1019 986 986 1019 1003 1011 1008 996 999
76  1014 1025 1054 1022 979 1017 1009 984 998 1016 1001 1001 1017 1007 1001 939
77  985 981 1018 1011 1011 1010 998 978 985 1003 989 1018 1005 975 983 974
78  990 983 1001 974 982 968 996 979 989 978 1002 1028 978 971 962 1019
79  999 1002 966 949 1000 1006 957 1019 984 980 981 997 972 1017 975 1010
80  1001 996 1015 1004 993 981 987 1027 992 1027 1017 990 993 994 1016 1015
81  997 1000 966 996 995 996 997 992 983 1024 982 1029 960 1016 991 979
82  986 1045 973 975 967 1004 994 1019 1004 1023 1014 1027 1037 1039 1005 957
83  988 1006 992 1034 1028 980 968 997 997 987 984 998 980 1034 1017 1019
84  1006 1001 1008 992 1038 992 1024 1014 977 1017 1003 997 973 992 1022 1014
85  987 1016 989 971 1004 974 956 981 986 976 1013 1003 984 1007 1001 1017
86  1031 988 991 981 1012 1001 1014 1011 961 1026 995 1023 1001 1026 1031 1012
87  985 1008 988 989 1018 999 990 955 1009 985 1033 1013 1013 1027 1039 992
88  1023 999 1008 1069 1003 1000 1040 997 1013 1049 977 1004 1004 986 997 972
89  973 1017 994 979 983 983 1017 1001 990 979 1030 1006 1029 1044 1009 981
90  1008 1014 982 957 1014 980 1003 993 994 993 993 1013 998 1031 996 956
91  983 972 1026 1006 994 991 1039 1058 979 980 1008 1003 1001 969 984 1012
92  949 990 962 992 973 975 1030 976 993 980 964 998 979 1028 1005 1048
93  988 1005 1020 1022 978 1028 1013 981 980 1009 977 1004 969 995 1005 1014
94  1022 996 1011 1018 982 1008 993 991 1014 1009 986 1025 1022 1008 1010 1002
95  991 1006 1009 1053 995 976 955 961 998 996 973 1011 1015 994 1041 1037
96  966 982 990 1010 973 986 988 989 1000 996 976 1010 993 1004 991 1012
97  985 1000 1017 999 989 993 974 995 1015 1022 987 1017 985 1024 976 995
98  1001 1040 1015 989 990 970 985 982 991 1007 978 989 989 987 1018 995
99  1009 951 1028 973 1016 981 1005 984 991 1001 987 1010 1018 1011 1018 1023
100  1031 1000 1016 1005 1013 1015 985 1006 1007 977 1005 1039 987 997 995 1012
101  1054 970 1013 1012 1023 997 990 1024 1020 987 1008 986 985 1002 983 1018
102  1004 986 988 999 1002 1007 967 983 987 982 994 1008 1046 1019 970 1014
103  976 994 968 978 996 1002 997 997 1016 998 1000 1001 996 1015 970 1003
104  1029 1015 1000 988 1030 993 1020 993 967 979 985 985 992 991 1015 1028
105  1016 1054 1012 976 1024 1001 1004 980 993 1000 1003 1016 1007 1014 1021 1020
106  1009 974 1008 993 997 1008 1005 986 1007 1004 1011 1003 1006 1003 1031 1015
107  985 1016 988 1026 990 1023 964 1021 989 1019 1015 1000 1012 970 974 959
108  990 1023 1009 1017 979 978 959 998 985 993 975 1022 1009 959 1001 1010
109  990 978 963 994 1009 959 1004 1021 1007 991 1015 948 1016 1020 1005 1028
110  976 995 983 982 978 1008 1011 997 998 991 949 983 976 981 1003 1014
111  1025 1024 974 995 1017 991 1003 1020 1022 997 1009 1025 1011 1020 996 992
112  1004 966 971 1014 987 1002 1021 1004 959 1011 1022 968 1004 1015 1001 1061
113  1009 1023 1002 974 1007 982 990 1000 1039 999 991 1013 1016 1018 982 1021
114  1028 1017 1000 1009 995 985 994 979 1022 1015 1004 1008 999 1011 1017 992
115  981 1005 1002 1004 982 997 1037 1023 1008 980 1010 1015 1019 1016 988 1016
116  986 988 1005 1005 1001 1001 1008 1004 981 1015 1024 999 1042 996 974 982
117  991 1009 983 1017 1022 1031 978 1001 993 1008 1019 1026 998 1044 969 988
118  1002 1008 1006 1027 1026 992 971 983 1007 1008 974 971 981 1013 1028 1013
119  1010 990 989 1012 975 1015 993 994 1014 982 991 989 985 999 1015 988
120  1022 992 1023 956 984 999 976 1014 993 1007 1033 1002 985 993 1008 1020
121  991 1012 1014 1014 1021 1011 975 990 1022 990 1027 1017 987 1025 985 986
122  1034 1009 1001 1006 1006 1009 1008 1005 1011 1058 1008 996 971 1023 988 1064
123  981 1029 991 1004 1000 1017 996 1005 1002 998 1003 991 1022 1018 994 1019
124  983 1008 1028 1030 988 998 978 1012 964 1001 1019 962 1016 991 996 1001
125  1025 944 995 1008 984 991 1002 971 1002 1010 952 989 1005 992 995 983
126  1035 999 1033 976 1040 1002 977 990 997 1024 1021 1024 1013 987 1045 1000
127  946 1007 1000 1003 970 1009 1010 992 993 1027 997 1019 1004 1012 987 993
128  985 1010 982 1010 1028 999 983 951 1013 1004 989 1012 1006 1007 993 1007
129  988 992 968 1022 987 989 1010 969 1002 992 996 1000 990 996 1015 1001
130  954 984 997 976 1007 1005 1007 1007 992 1018 988 998 1012 996 990 1009
131  987 1013 1004 1015 992 1018 1011 992 979 965 991 978 998 1036 1027 971
132  1018 1025 980 1026 1005 976 1011 1004 992 1009 1015 1000 994 1019 1017 996
133  1033 987 997 971 992 999 1008 1030 1016 984 1009 1021 1006 993 998 978
134  996 1011 974 972 999 1033 998 1056 1014 1028 963 990 1017 1009 1013 1024
135  987 996 989 995 1006 1019 1029 1005 1012 1008 1049 974 1004 1014 997 990
136  1006 1021 1007 988 1022 1045 1010 1038 990 1005 1018 1021 1000 1003 985 983
137  991 1003 989 1023 996 1010 986 982 965 1000 985 1020 992 1004 1000 1021
138  939 981 1026 991 1006 1023 996 1013 991 989 1000 998 1000 961 1000 986
139  985 993 1010 1005 1008 1027 1020 1018 989 983 968 1002 976 1019 979 994
140  999 1025 1014 978 985 1000 967 1001 966 992 990 1015 989 1020 1016 997
141  1003 974 989 1036 1013 1001 964 997 1013 1007 1004 997 1000 985 964 1010
142  1000 987 1023 984 993 1010 1009 1012 1035 990 983 981 986 1011 1017 1003
143  975 995 1029 980 1016 998 988 1005 1007 991 1024 987 1013 985 1021 1022
144  979 1009 1012 1012 1002 986 982 987 1022 1009 1000 992 993 1015 1039 990
145  1012 993 983 992 1011 991 1004 1002 1014 1021 990 978 985 1004 990 1010
146  1001 990 1031 981 985 1005 1017 1000 987 992 1022 991 983 996 1002 958
147  1011 996 990 996 981 1019 994 1016 1006 1016 958 1000 997 963 1014 968
148  991 1006 996 1018 1018 984 977 1012 989 1001 1002 996 1022 985 1004 994
149  1001 984 984 995 978 1024 1006 1020 987 969 990 1006 970 1015 1005 1021
150  1022 1007 1024 1031 1029 1013 998 993 1000 1002 999 996 994 1015 973 982
151  981 1016 1007 991 1044 999 953 988 986 990 1001 993 994 1038 983 991
152  1007 990 986 977 1002 1009 998 997 991 982 1005 1013 1004 979 1039 998
153  979 983 978 978 1028 1014 994 1016 982 1006 993 1011 1031 1009 1013 1015
154  1021 1021 988 1027 1048 955 1036 971 1029 1013 1041 1003 1030 983 1014 991
155  962 981 988 1013 993 992 996 1033 970 998 1033 980 1018 1030 1015 1017
156  997 987 999 1019 1007 1004 1009 990 1005 1010 983 1015 995 1038 1007 1004
157  1028 1023 989 999 996 1050 983 1009 1016 973 1045 989 984 1001 1006 992
158  989 1010 1012 1001 1012 969 964 1019 1004 1017 995 1009 999 1001 991 995
159  1006 1001 974 1049 979 1015 1026 1025 1032 1022 1013 1038 992 995 1008 1017
160  962 1003 999 992 988 985 1010 1016 1011 981 977 965 962 963 986 1008
161  998 996 961 1029 986 980 991 990 1003 979 984 1000 1019 1000 1002 1030
162  1003 1000 980 992 1037 1010 1001 995 985 1001 971 1030 992 1028 986 1045
163  989 999 1021 986 1016 1031 1014 994 1001 999 1018 997 1032 1002 1020 990
164  995 1035 978 986 1002 1015 972 1032 966 1009 987 1009 987 995 982 998
165  1019 962 1002 996 979 1008 996 1003 1009 1009 1020 1017 986 1024 1019 1028
166  1022 1001 988 1024 979 1016 984 1000 1016 974 1030 1005 980 1001 1009 993
167  991 967 1038 991 1005 987 1023 1009 1025 971 971 1013 1026 969 1012 989
168  1007 1021 1014 980 1012 1018 996 968 1000 972 1013 994 1018 1002 1008 998
169  1003 1013 1011 971 1009 990 991 976 1000 1016 1020 1027 1008 1023 1014 1022
170  987 997 980 1020 1025 990 999 983 972 1010 998 999 997 1014 1006 1010
171  1003 1014 976 987 1017 1008 974 1019 992 979 1012 969 994 994 1020 977
172  991 1000 981 1026 1015 1006 1009 1001 1006 974 987 999 980 986 1021 979
173  995 1034 1010 1030 990 990 1000 999 989 984 1045 975 1016 1008 1013 955
174  973 1001 972 1011 1013 1004 1019 1023 1015 1003 1010 1008 994 997 1033 1007
175  996 965 1039 1032 1020 999 988 974 998 985 985 1025 1000 1023 953 1004
176  1009 1047 998 1030 1001 994 992 987 999 996 986 998 970 992 978 994
177  982 1019 1032 980 1047 1012 982 996 1017 993 992 989 1017 1005 1001 995
178  978 1021 1014 995 997 1003 999 1035 1014 991 991 968 994 1018 996 975
179  1014 1015 989 1007 965 995 1047 1022 1026 983 980 985 985 994 1010 1025
180  983 969 962 1008 998 1007 997 991 973 998 1021 1021 975 1010 994 958
181  976 1029 995 1010 986 980 1007 1018 1029 1022 965 1004 983 998 1016 1001
182  1012 1016 1007 1009 1008 1032 1010 1014 989 1008 954 1024 1004 1003 1009 1007
183  1004 989 966 1009 1004 1021 983 992 995 1006 1006 979 982 1006 1013 994
184  1005 994 997 989 979 996 1021 1018 1007 999 982 1030 1029 990 1005 1043
185  1030 993 1022 988 987 984 962 1010 980 1018 984 1016 982 1031 997 989
186  973 986 1001 999 991 990 1020 1008 1028 996 1002 1018 1000 1004 987 1039
187  1022 1019 1010 1001 982 984 994 973 1022 960 1027 1010 995 1018 1008 1015
188  996 1048 998 1008 997 1008 993 995 1020 1003 1022 1007 1035 964 977 971
189  1013 1013 990 998 976 1007 1022 1005 1008 1002 1003 984 1003 1003 1006 1025
190  978 1011 993 1024 962 1023 1010 1019 1004 967 983 992 1023 990 976 970
191  994 999 1032 1007 1017 1007 980 1013 1012 985 1027 1030 1027 1009 1046 980
192  980 1015 1031 997 1007 1024 984 1001 1018 974 1012 1012 987 1026 962 1016
193  1014 1040 990 1020 989 983 978 1024 1014 1012 1033 1026 985 985 981 1014
194  1017 1006 1028 1013 993 1014 1002 999 980 1001 1002 1019 1001 978 1007 979
195  960 1002 1008 983 985 1024 995 1023 990 1008 992 1009 1003 965 1009 994
196  1014 994 1027 995 1004 1011 1017 1017 1010 982 1027 990 1038 991 994 1010
197  993 994 996 991 1004 992 964 1027 992 1008 1010 1025 1017 1002 1020 1022
198  1010 993 990 1004 1014 997 976 1024 1021 1039 999 996 1033 990 1012 997
199  947 1015 1018 997 996 1002 971 1036 1014 1016 1014 975 983 1003 1010 972
200  1010 998 1012 973 985 961 1021 975 976 1002 986 1012 1010 995 1012 967
201  1002 990 993 987 1024 1008 993 961 1024 971 1011 1025 999 1011 1016 1005
202  1009 975 1000 975 1028 976 1003 1000 1006 1000 994 987 1031 1000 989 996
203  1024 1006 981 987 1019 1003 983 954 992 1018 1012 996 1020 997 967 1007
204  985 995 1015 1003 1001 1003 1014 1016 1003 1013 974 1040 1009 1014 993 1015
205  1007 968 991 984 1005 972 1031 991 969 1025 998 1042 1000 1049 1015 985
206  1003 991 986 988 992 1001 1002 996 1022 1008 1011 1017 1015 973 1019 980
207  1011 1029 975 1021 1012 987 1019 1001 1022 990 986 977 1013 993 1022 973
208  995 945 1000 1010 1019 996 976 982 996 1005 1049 1023 984 992 1020 1021
209  1037 1010 999 1011 1014 1033 999 1014 964 1037 983 984 1017 999 1033 1018
210  1009 1042 997 1017 1011 1013 990 1002 1004 1042 999 1010 960 985 1004 1027
211  1005 981 970 1009 987 1058 986 991 1012 1011 989 998 989 987 977 999
212  1001 990 1023 976 1004 1017 1023 996 988 992 1012 977 1001 991 956 968
213  1000 1006 1007 983 1001 1004 978 1009 1024 1002 957 988 970 1021 1021 982
214  981 1018 997 966 1013 1012 1001 980 993 1017 999 1018 1015 1023 980 992
215  983 967 1008 1013 979 1022 978 989 973 1004 974 1003 1025 996 985 1014
216  1002 1017 1012 1005 989 1040 970 972 996 991 981 1013 997 990 977 983
217  1029 1009 987 1043 985 1020 996 995 997 1027 994 990 1016 1015 989 979
218  955 994 1041 1002 995 991 972 976 993 1001 1016 1008 973 1028 975 1024
219  977 991 973 1008 1044 998 1068 1004 960 987 972 1022 1027 1012 975 1002
220  1010 990 1004 993 1027 993 982 1014 978 1005 996 1023 1013 993 996 1016
221  992 1006 1007 1004 962 979 968 978 993 1006 976 1008 1029 977 1018 986
222  1009 1003 1004 998 1029 988 968 1012 1001 1014 985 1031 992 1019 989 997
223  1006 1036 1032 1001 1039 1016 990 1017 1001 1022 1019 1018 1003 1039 1014 1008
224  977 1026 1017 965 987 994 977 1006 1046 981 971 991 999 998 1018 994
225  1021 959 976 1009 993 992 984 992 1003 956 1022 1020 1006 1024 1017 989
226  1004 975 1035 1014 1025 980 991 999 1004 1041 971 986 969 997 998 1015
227  1000 983 975 1000 1009 1050 1006 978 1002 995 979 997 1039 1039 1015 1003
228  994 1013 1013 976 1014 984 986 992 994 970 1010 994 968 963 1001 978
229  999 1004 996 1000 983 1002 983 1000 987 1001 997 1021 981 1008 979 993
230  998 996 978 1000 980 988 1008 1002 966 1007 1036 992 995 992 1007 990
231  955 1019 1010 1005 1012 996 1003 987 997 989 998 1026 1025 983 995 967
232  1013 1008 1001 981 997 986 985 1007 979 1004 1007 992 993 997 984 985
233  995 1016 983 1024 1009 994 1010 979 1017 1003 1005 1000 990 1009 984 996
234  970 1009 981 976 998 985 983 997 1022 997 975 1004 995 962 1023 980
235  982 1006 985 999 1015 1000 1010 998 1000 1000 1004 1018 981 978 995 991
236  1029 1012 976 978 1030 998 1022 1032 982 991 995 1020 1005 1016 1049 1031
237  1012 981 963 986 1006 1025 1032 1001 1005 1017 954 994 976 968 1021 1046
238  1035 1020 1005 996 966 992 1022 1016 1003 1017 968 985 1028 996 978 985
239  1009 985 986 1013 1013 990 1013 985 1013 1004 983 986 1006 1021 972 994
240  996 1021 1024 983 983 1014 1040 1021 1007 985 1003 1015 1032 1013 996 985
241  1017 996 1021 997 999 1016 1011 971 987 970 1000 999 964 1014 1007 993
242  1008 1008 984 998 963 1000 1007 1005 970 1011 1000 1006 1007 1006 972 1012
243  980 995 1012 1019 979 1017 1057 952 1017 1022 997 997 1014 998 998 979
244  990 995 1026 971 990 992 983 971 969 994 986 1002 998 986 1035 997
245  1012 990 986 997 1000 988 1025 1002 991 992 992 998 1019 1017 993 1003
246  996 948 989 1039 1027 996 1031 989 969 1007 951 999 983 1009 979 961
247  987 1005 1026 1025 988 993 998 986 1023 1016 1012 1000 1019 983 1022 995
248  990 1069 1024 1022 999 1001 984 1000 1012 975 1010 1005 1009 971 1014 1030
249  990 1006 974 997 1015 996 972 987 954 977 1019 1021 995 1016 1020 1034
250  990 1012 998 981 991 1028 992 1011 993 1000 996 970 997 980 997 1024
251  975 993 998 1007 991 1001 1002 995 1022 961 997 975 997 996 1002 1050
252  999 1013 977 1018 992 985 989 988 971 1028 1013 974 1009 1004 990 976
253  1011 995 1015 967 1020 989 965 1024 987 1023 1008 970 1003 1008 971 1009
254  962 1020 1007 976 999 1009 1022 1018 988 1012 986 983 969 1011 994 989
255  1008 1018 995 1031 1010 973 999 990 996 959 997 997 997 1017 973 975
